0,0,0
1,0,0
2,0,0
3,0,0
4,0,0
5,0,0
6,0,0
7,0,0
8,0,0
9,0,0
10,0,0
11,0,0
12,0,0
13,0,0
14,0,0
15,0,0
16,0,0
17,0,0
18,0,0
19,0,0
20,0,0
21,0,0
22,0,0
23,0,0
24,0,0
25,0,0
26,0,0
27,0,0
28,0,0
29,0,0
30,0,0
31,0,0
32,0,0
33,0,0
34,0,0
35,0,0
36,0,0
37,0,0
38,0,0
39,0,0
40,0,0
41,0,0
42,0,0
43,0,0
44,0,0
45,0,0
46,0,0
47,0,0
48,0,0
49,0,0
50,0,0
51,0,0
52,0,0
53,0,0
54,0,0
55,0,0
56,0,0
57,0,0
58,0,0
59,0,0
60,0,0
61,0,0
62,0,0
63,0,0
64,0,0
65,0,0
66,0,0
67,0,0
68,0,0
69,0,0
70,0,0
71,0,0
72,0,0
73,0,0
74,0,0
75,0,0
76,0,0
77,0,0
78,0,0
79,0,0
80,0,0
81,0,0
82,0,0
83,0,0
84,0,0
85,0,0
86,0,0
87,0,0
88,0,0
89,0,0
90,0,0
91,0,0
92,0,0
93,0,0
94,0,0
95,0,0
96,0,0
97,0,0
98,0,0
99,0,0
100,0,0
101,0,0
102,0,0
103,0,0
104,0,0
105,0,0
106,0,0
107,0,0
108,0,0
109,0,0
110,0,0
111,0,0
112,0,0
113,0,0
114,0,0
115,0,0
116,0,0
117,0,0
118,0,0
119,0,0
120,0,0
121,0,0
122,0,0
123,0,0
124,0,0
125,0,0
126,0,0
127,0,0
0,0,1
40,0,1
72,0,1
127,0,1
0,0,2
40,0,2
72,0,2
127,0,2
0,0,3
40,0,3
72,0,3
127,0,3
0,0,4
17,0,4
18,0,4
19,0,4
20,0,4
21,0,4
22,0,4
25,0,4
26,0,4
27,0,4
30,0,4
34,0,4
40,0,4
72,0,4
127,0,4
0,0,5
17,0,5
22,0,5
25,0,5
30,0,5
34,0,5
40,0,5
64,0,5
72,0,5
76,0,5
77,0,5
78,0,5
79,0,5
80,0,5
81,0,5
90,0,5
91,0,5
92,0,5
127,0,5
0,0,6
8,0,6
9,0,6
10,0,6
11,0,6
12,0,6
17,0,6
19,0,6
20,0,6
22,0,6
25,0,6
26,0,6
27,0,6
30,0,6
34,0,6
40,0,6
47,0,6
50,0,6
64,0,6
72,0,6
76,0,6
77,0,6
78,0,6
79,0,6
80,0,6
81,0,6
92,0,6
127,0,6
0,0,7
17,0,7
19,0,7
22,0,7
27,0,7
30,0,7
34,0,7
56,0,7
58,0,7
59,0,7
64,0,7
72,0,7
76,0,7
77,0,7
78,0,7
79,0,7
80,0,7
81,0,7
92,0,7
101,0,7
127,0,7
0,0,8
17,0,8
19,0,8
20,0,8
22,0,8
27,0,8
30,0,8
32,0,8
34,0,8
72,0,8
76,0,8
77,0,8
78,0,8
79,0,8
80,0,8
81,0,8
127,0,8
0,0,9
12,0,9
17,0,9
22,0,9
25,0,9
26,0,9
27,0,9
30,0,9
31,0,9
32,0,9
33,0,9
34,0,9
64,0,9
72,0,9
76,0,9
77,0,9
78,0,9
79,0,9
80,0,9
81,0,9
115,0,9
116,0,9
117,0,9
118,0,9
127,0,9
0,0,10
4,0,10
12,0,10
17,0,10
18,0,10
19,0,10
20,0,10
21,0,10
22,0,10
25,0,10
26,0,10
27,0,10
30,0,10
31,0,10
32,0,10
33,0,10
34,0,10
48,0,10
72,0,10
109,0,10
110,0,10
111,0,10
112,0,10
113,0,10
114,0,10
117,0,10
118,0,10
127,0,10
0,0,11
4,0,11
5,0,11
6,0,11
7,0,11
12,0,11
40,0,11
64,0,11
72,0,11
92,0,11
101,0,11
115,0,11
116,0,11
117,0,11
118,0,11
127,0,11
0,0,12
7,0,12
40,0,12
72,0,12
101,0,12
117,0,12
127,0,12
0,0,13
4,0,13
5,0,13
6,0,13
7,0,13
12,0,13
40,0,13
48,0,13
56,0,13
57,0,13
58,0,13
72,0,13
101,0,13
127,0,13
0,0,14
12,0,14
40,0,14
56,0,14
57,0,14
58,0,14
72,0,14
99,0,14
100,0,14
101,0,14
117,0,14
127,0,14
0,0,15
12,0,15
40,0,15
56,0,15
57,0,15
58,0,15
64,0,15
72,0,15
117,0,15
127,0,15
0,0,16
12,0,16
48,0,16
72,0,16
91,0,16
117,0,16
127,0,16
0,0,17
12,0,17
64,0,17
72,0,17
76,0,17
77,0,17
78,0,17
79,0,17
80,0,17
81,0,17
90,0,17
91,0,17
127,0,17
0,0,18
1,0,18
2,0,18
3,0,18
4,0,18
5,0,18
6,0,18
12,0,18
72,0,18
76,0,18
77,0,18
78,0,18
79,0,18
80,0,18
81,0,18
90,0,18
91,0,18
117,0,18
127,0,18
0,0,19
4,0,19
5,0,19
12,0,19
48,0,19
56,0,19
58,0,19
60,0,19
62,0,19
64,0,19
72,0,19
76,0,19
77,0,19
78,0,19
79,0,19
80,0,19
81,0,19
91,0,19
117,0,19
118,0,19
119,0,19
127,0,19
0,0,20
12,0,20
44,0,20
45,0,20
76,0,20
77,0,20
78,0,20
79,0,20
80,0,20
81,0,20
109,0,20
110,0,20
112,0,20
113,0,20
114,0,20
116,0,20
117,0,20
127,0,20
0,0,21
12,0,21
76,0,21
77,0,21
78,0,21
79,0,21
80,0,21
81,0,21
103,0,21
115,0,21
116,0,21
127,0,21
0,0,22
12,0,22
102,0,22
103,0,22
127,0,22
0,0,23
12,0,23
127,0,23
0,0,24
127,0,24
0,0,25
127,0,25
0,0,26
127,0,26
0,0,27
72,0,27
73,0,27
74,0,27
127,0,27
0,0,28
7,0,28
8,0,28
9,0,28
10,0,28
16,0,28
17,0,28
18,0,28
19,0,28
20,0,28
22,0,28
23,0,28
24,0,28
25,0,28
26,0,28
27,0,28
28,0,28
30,0,28
44,0,28
45,0,28
46,0,28
47,0,28
48,0,28
49,0,28
50,0,28
51,0,28
52,0,28
54,0,28
55,0,28
56,0,28
57,0,28
58,0,28
59,0,28
60,0,28
61,0,28
62,0,28
63,0,28
64,0,28
65,0,28
71,0,28
72,0,28
73,0,28
74,0,28
127,0,28
0,0,29
7,0,29
30,0,29
44,0,29
45,0,29
46,0,29
47,0,29
48,0,29
49,0,29
50,0,29
51,0,29
52,0,29
54,0,29
55,0,29
56,0,29
57,0,29
58,0,29
59,0,29
60,0,29
61,0,29
62,0,29
63,0,29
64,0,29
65,0,29
96,0,29
103,0,29
104,0,29
105,0,29
106,0,29
107,0,29
108,0,29
109,0,29
110,0,29
111,0,29
112,0,29
113,0,29
114,0,29
115,0,29
116,0,29
117,0,29
118,0,29
119,0,29
120,0,29
127,0,29
0,0,30
7,0,30
30,0,30
44,0,30
45,0,30
46,0,30
47,0,30
48,0,30
49,0,30
50,0,30
51,0,30
52,0,30
54,0,30
55,0,30
56,0,30
57,0,30
58,0,30
59,0,30
60,0,30
61,0,30
62,0,30
63,0,30
64,0,30
65,0,30
96,0,30
127,0,30
0,0,31
7,0,31
30,0,31
96,0,31
103,0,31
127,0,31
0,0,32
7,0,32
21,0,32
30,0,32
96,0,32
104,0,32
127,0,32
0,0,33
7,0,33
26,0,33
30,0,33
72,0,33
73,0,33
74,0,33
75,0,33
77,0,33
78,0,33
79,0,33
80,0,33
81,0,33
82,0,33
85,0,33
86,0,33
87,0,33
88,0,33
89,0,33
96,0,33
103,0,33
127,0,33
0,0,34
7,0,34
96,0,34
103,0,34
104,0,34
107,0,34
108,0,34
111,0,34
112,0,34
115,0,34
116,0,34
119,0,34
120,0,34
121,0,34
122,0,34
127,0,34
0,0,35
7,0,35
30,0,35
96,0,35
103,0,35
127,0,35
0,0,36
7,0,36
30,0,36
64,0,36
65,0,36
66,0,36
96,0,36
102,0,36
103,0,36
127,0,36
0,0,37
7,0,37
30,0,37
64,0,37
66,0,37
73,0,37
74,0,37
75,0,37
76,0,37
96,0,37
127,0,37
0,0,38
7,0,38
11,0,38
30,0,38
64,0,38
65,0,38
66,0,38
96,0,38
127,0,38
0,0,39
7,0,39
11,0,39
30,0,39
47,0,39
48,0,39
58,0,39
59,0,39
83,0,39
84,0,39
85,0,39
86,0,39
96,0,39
127,0,39
0,0,40
7,0,40
11,0,40
15,0,40
16,0,40
17,0,40
19,0,40
20,0,40
30,0,40
47,0,40
48,0,40
58,0,40
59,0,40
96,0,40
127,0,40
0,0,41
7,0,41
11,0,41
12,0,41
13,0,41
14,0,41
15,0,41
20,0,41
30,0,41
47,0,41
48,0,41
56,0,41
59,0,41
95,0,41
96,0,41
101,0,41
102,0,41
103,0,41
104,0,41
105,0,41
106,0,41
107,0,41
108,0,41
109,0,41
110,0,41
111,0,41
112,0,41
114,0,41
115,0,41
116,0,41
117,0,41
118,0,41
119,0,41
127,0,41
0,0,42
7,0,42
15,0,42
20,0,42
30,0,42
50,0,42
58,0,42
59,0,42
127,0,42
0,0,43
7,0,43
15,0,43
20,0,43
30,0,43
52,0,43
54,0,43
56,0,43
57,0,43
59,0,43
95,0,43
127,0,43
0,0,44
7,0,44
15,0,44
20,0,44
59,0,44
95,0,44
119,0,44
127,0,44
0,0,45
7,0,45
15,0,45
20,0,45
59,0,45
70,0,45
71,0,45
72,0,45
73,0,45
74,0,45
77,0,45
78,0,45
79,0,45
80,0,45
81,0,45
82,0,45
85,0,45
86,0,45
87,0,45
88,0,45
89,0,45
95,0,45
119,0,45
127,0,45
0,0,46
7,0,46
15,0,46
20,0,46
95,0,46
119,0,46
127,0,46
0,0,47
7,0,47
15,0,47
20,0,47
95,0,47
119,0,47
127,0,47
0,0,48
7,0,48
15,0,48
18,0,48
20,0,48
21,0,48
49,0,48
50,0,48
51,0,48
53,0,48
54,0,48
56,0,48
57,0,48
58,0,48
59,0,48
95,0,48
111,0,48
114,0,48
119,0,48
127,0,48
0,0,49
7,0,49
11,0,49
12,0,49
13,0,49
14,0,49
15,0,49
17,0,49
18,0,49
19,0,49
20,0,49
21,0,49
22,0,49
23,0,49
24,0,49
49,0,49
50,0,49
51,0,49
53,0,49
54,0,49
56,0,49
57,0,49
59,0,49
95,0,49
119,0,49
127,0,49
0,0,50
11,0,50
12,0,50
13,0,50
14,0,50
15,0,50
16,0,50
17,0,50
18,0,50
19,0,50
20,0,50
21,0,50
22,0,50
23,0,50
24,0,50
49,0,50
50,0,50
51,0,50
53,0,50
54,0,50
56,0,50
57,0,50
59,0,50
95,0,50
104,0,50
119,0,50
127,0,50
0,0,51
15,0,51
16,0,51
17,0,51
18,0,51
19,0,51
20,0,51
30,0,51
47,0,51
49,0,51
52,0,51
53,0,51
54,0,51
58,0,51
59,0,51
95,0,51
119,0,51
127,0,51
0,0,52
30,0,52
47,0,52
48,0,52
49,0,52
52,0,52
53,0,52
54,0,52
58,0,52
59,0,52
95,0,52
109,0,52
110,0,52
111,0,52
112,0,52
119,0,52
127,0,52
0,0,53
30,0,53
95,0,53
109,0,53
110,0,53
111,0,53
112,0,53
113,0,53
114,0,53
119,0,53
127,0,53
0,0,54
25,0,54
30,0,54
95,0,54
104,0,54
106,0,54
107,0,54
108,0,54
109,0,54
111,0,54
112,0,54
113,0,54
114,0,54
119,0,54
127,0,54
0,0,55
30,0,55
64,0,55
95,0,55
103,0,55
104,0,55
105,0,55
106,0,55
107,0,55
108,0,55
109,0,55
110,0,55
111,0,55
112,0,55
113,0,55
114,0,55
119,0,55
127,0,55
0,0,56
30,0,56
64,0,56
103,0,56
104,0,56
106,0,56
107,0,56
108,0,56
109,0,56
110,0,56
111,0,56
112,0,56
113,0,56
114,0,56
119,0,56
127,0,56
0,0,57
30,0,57
64,0,57
95,0,57
103,0,57
104,0,57
105,0,57
106,0,57
107,0,57
108,0,57
109,0,57
110,0,57
111,0,57
112,0,57
113,0,57
114,0,57
127,0,57
0,0,58
12,0,58
30,0,58
64,0,58
95,0,58
105,0,58
106,0,58
107,0,58
108,0,58
109,0,58
112,0,58
127,0,58
0,0,59
30,0,59
64,0,59
95,0,59
106,0,59
107,0,59
119,0,59
127,0,59
0,0,60
7,0,60
30,0,60
59,0,60
60,0,60
61,0,60
62,0,60
63,0,60
65,0,60
66,0,60
67,0,60
68,0,60
69,0,60
95,0,60
119,0,60
127,0,60
0,0,61
7,0,61
16,0,61
22,0,61
35,0,61
39,0,61
41,0,61
45,0,61
47,0,61
49,0,61
51,0,61
53,0,61
64,0,61
119,0,61
127,0,61
0,0,62
35,0,62
64,0,62
119,0,62
127,0,62
0,0,63
7,0,63
35,0,63
41,0,63
45,0,63
53,0,63
64,0,63
95,0,63
119,0,63
127,0,63
0,0,64
7,0,64
64,0,64
95,0,64
106,0,64
119,0,64
127,0,64
0,0,65
7,0,65
8,0,65
9,0,65
11,0,65
12,0,65
13,0,65
14,0,65
15,0,65
16,0,65
22,0,65
23,0,65
24,0,65
25,0,65
26,0,65
27,0,65
41,0,65
43,0,65
45,0,65
53,0,65
64,0,65
83,0,65
84,0,65
85,0,65
95,0,65
119,0,65
127,0,65
0,0,66
83,0,66
84,0,66
85,0,66
95,0,66
97,0,66
119,0,66
127,0,66
0,0,67
33,0,67
34,0,67
35,0,67
53,0,67
83,0,67
84,0,67
85,0,67
95,0,67
119,0,67
127,0,67
0,0,68
33,0,68
35,0,68
83,0,68
84,0,68
85,0,68
95,0,68
108,0,68
119,0,68
127,0,68
0,0,69
33,0,69
35,0,69
53,0,69
95,0,69
119,0,69
127,0,69
0,0,70
95,0,70
119,0,70
127,0,70
0,0,71
53,0,71
95,0,71
119,0,71
127,0,71
0,0,72
95,0,72
96,0,72
97,0,72
98,0,72
99,0,72
101,0,72
102,0,72
103,0,72
104,0,72
105,0,72
106,0,72
107,0,72
108,0,72
109,0,72
110,0,72
112,0,72
113,0,72
114,0,72
115,0,72
116,0,72
117,0,72
118,0,72
119,0,72
127,0,72
0,0,73
1,0,73
2,0,73
3,0,73
4,0,73
5,0,73
6,0,73
7,0,73
8,0,73
9,0,73
10,0,73
11,0,73
12,0,73
13,0,73
14,0,73
15,0,73
16,0,73
17,0,73
18,0,73
19,0,73
20,0,73
51,0,73
55,0,73
127,0,73
0,0,74
58,0,74
59,0,74
60,0,74
62,0,74
63,0,74
69,0,74
70,0,74
71,0,74
72,0,74
127,0,74
0,0,75
127,0,75
0,0,76
127,0,76
0,0,77
51,0,77
55,0,77
127,0,77
0,0,78
127,0,78
0,0,79
127,0,79
0,0,80
127,0,80
0,0,81
91,0,81
97,0,81
100,0,81
101,0,81
102,0,81
103,0,81
104,0,81
105,0,81
127,0,81
0,0,82
11,0,82
12,0,82
13,0,82
14,0,82
15,0,82
16,0,82
17,0,82
91,0,82
100,0,82
127,0,82
0,0,83
17,0,83
91,0,83
100,0,83
127,0,83
0,0,84
17,0,84
41,0,84
47,0,84
91,0,84
100,0,84
105,0,84
127,0,84
0,0,85
17,0,85
29,0,85
35,0,85
37,0,85
51,0,85
52,0,85
53,0,85
54,0,85
55,0,85
72,0,85
73,0,85
91,0,85
100,0,85
101,0,85
102,0,85
103,0,85
104,0,85
105,0,85
108,0,85
127,0,85
0,0,86
17,0,86
41,0,86
47,0,86
72,0,86
73,0,86
91,0,86
127,0,86
0,0,87
11,0,87
17,0,87
72,0,87
91,0,87
127,0,87
0,0,88
17,0,88
18,0,88
20,0,88
22,0,88
23,0,88
24,0,88
29,0,88
69,0,88
70,0,88
71,0,88
72,0,88
91,0,88
127,0,88
0,0,89
81,0,89
83,0,89
127,0,89
0,0,90
7,0,90
8,0,90
91,0,90
127,0,90
0,0,91
7,0,91
9,0,91
127,0,91
0,0,92
7,0,92
8,0,92
9,0,92
91,0,92
109,0,92
110,0,92
111,0,92
112,0,92
113,0,92
114,0,92
127,0,92
0,0,93
109,0,93
110,0,93
113,0,93
114,0,93
127,0,93
0,0,94
91,0,94
109,0,94
110,0,94
113,0,94
114,0,94
127,0,94
0,0,95
85,0,95
109,0,95
110,0,95
111,0,95
112,0,95
113,0,95
114,0,95
127,0,95
0,0,96
91,0,96
99,0,96
101,0,96
111,0,96
112,0,96
127,0,96
0,0,97
18,0,97
111,0,97
112,0,97
127,0,97
0,0,98
18,0,98
85,0,98
91,0,98
93,0,98
111,0,98
112,0,98
127,0,98
0,0,99
7,0,99
8,0,99
10,0,99
11,0,99
12,0,99
13,0,99
14,0,99
15,0,99
17,0,99
18,0,99
19,0,99
99,0,99
101,0,99
111,0,99
112,0,99
127,0,99
0,0,100
18,0,100
111,0,100
112,0,100
127,0,100
0,0,101
5,0,101
18,0,101
49,0,101
50,0,101
51,0,101
52,0,101
53,0,101
54,0,101
55,0,101
56,0,101
96,0,101
111,0,101
112,0,101
127,0,101
0,0,102
5,0,102
49,0,102
56,0,102
127,0,102
0,0,103
5,0,103
49,0,103
56,0,103
127,0,103
0,0,104
5,0,104
25,0,104
26,0,104
29,0,104
49,0,104
56,0,104
127,0,104
0,0,105
5,0,105
25,0,105
49,0,105
50,0,105
51,0,105
52,0,105
53,0,105
54,0,105
55,0,105
56,0,105
68,0,105
69,0,105
70,0,105
71,0,105
72,0,105
73,0,105
74,0,105
127,0,105
0,0,106
5,0,106
26,0,106
29,0,106
68,0,106
69,0,106
70,0,106
71,0,106
72,0,106
73,0,106
74,0,106
127,0,106
0,0,107
5,0,107
68,0,107
69,0,107
70,0,107
71,0,107
72,0,107
73,0,107
74,0,107
78,0,107
79,0,107
80,0,107
81,0,107
82,0,107
83,0,107
84,0,107
127,0,107
0,0,108
5,0,108
78,0,108
84,0,108
127,0,108
0,0,109
5,0,109
78,0,109
84,0,109
127,0,109
0,0,110
5,0,110
49,0,110
50,0,110
51,0,110
52,0,110
53,0,110
54,0,110
55,0,110
56,0,110
78,0,110
84,0,110
127,0,110
0,0,111
5,0,111
49,0,111
56,0,111
78,0,111
84,0,111
127,0,111
0,0,112
5,0,112
49,0,112
56,0,112
78,0,112
84,0,112
102,0,112
103,0,112
104,0,112
105,0,112
106,0,112
107,0,112
108,0,112
109,0,112
110,0,112
111,0,112
112,0,112
113,0,112
114,0,112
115,0,112
116,0,112
117,0,112
127,0,112
0,0,113
5,0,113
27,0,113
28,0,113
30,0,113
49,0,113
56,0,113
78,0,113
84,0,113
102,0,113
117,0,113
127,0,113
0,0,114
5,0,114
27,0,114
29,0,114
30,0,114
49,0,114
56,0,114
78,0,114
84,0,114
102,0,114
117,0,114
127,0,114
0,0,115
5,0,115
27,0,115
28,0,115
29,0,115
30,0,115
49,0,115
50,0,115
51,0,115
52,0,115
53,0,115
54,0,115
55,0,115
56,0,115
72,0,115
73,0,115
74,0,115
75,0,115
76,0,115
77,0,115
78,0,115
84,0,115
102,0,115
116,0,115
117,0,115
127,0,115
0,0,116
5,0,116
72,0,116
84,0,116
102,0,116
117,0,116
127,0,116
0,0,117
5,0,117
6,0,117
7,0,117
8,0,117
9,0,117
10,0,117
11,0,117
13,0,117
14,0,117
15,0,117
16,0,117
18,0,117
19,0,117
20,0,117
72,0,117
84,0,117
102,0,117
103,0,117
104,0,117
105,0,117
106,0,117
107,0,117
108,0,117
109,0,117
110,0,117
111,0,117
112,0,117
113,0,117
114,0,117
115,0,117
116,0,117
117,0,117
127,0,117
0,0,118
11,0,118
13,0,118
72,0,118
79,0,118
84,0,118
127,0,118
0,0,119
11,0,119
13,0,119
72,0,119
84,0,119
127,0,119
0,0,120
72,0,120
74,0,120
80,0,120
84,0,120
127,0,120
0,0,121
72,0,121
73,0,121
74,0,121
75,0,121
76,0,121
77,0,121
78,0,121
79,0,121
80,0,121
81,0,121
82,0,121
83,0,121
84,0,121
127,0,121
0,0,122
44,0,122
45,0,122
46,0,122
47,0,122
48,0,122
49,0,122
50,0,122
51,0,122
52,0,122
53,0,122
54,0,122
55,0,122
56,0,122
57,0,122
58,0,122
59,0,122
60,0,122
61,0,122
127,0,122
0,0,123
44,0,123
61,0,123
127,0,123
0,0,124
44,0,124
61,0,124
127,0,124
0,0,125
44,0,125
61,0,125
127,0,125
0,0,126
44,0,126
61,0,126
62,0,126
127,0,126
0,0,127
1,0,127
2,0,127
3,0,127
4,0,127
5,0,127
6,0,127
7,0,127
8,0,127
9,0,127
10,0,127
11,0,127
12,0,127
13,0,127
14,0,127
15,0,127
16,0,127
17,0,127
18,0,127
19,0,127
20,0,127
21,0,127
22,0,127
23,0,127
24,0,127
25,0,127
26,0,127
27,0,127
28,0,127
29,0,127
30,0,127
31,0,127
32,0,127
33,0,127
34,0,127
35,0,127
36,0,127
37,0,127
38,0,127
39,0,127
40,0,127
41,0,127
42,0,127
43,0,127
44,0,127
45,0,127
60,0,127
61,0,127
62,0,127
63,0,127
64,0,127
65,0,127
66,0,127
67,0,127
68,0,127
69,0,127
70,0,127
71,0,127
72,0,127
73,0,127
74,0,127
75,0,127
76,0,127
77,0,127
78,0,127
79,0,127
80,0,127
81,0,127
82,0,127
83,0,127
84,0,127
85,0,127
86,0,127
87,0,127
88,0,127
89,0,127
90,0,127
91,0,127
92,0,127
93,0,127
94,0,127
95,0,127
96,0,127
97,0,127
98,0,127
99,0,127
100,0,127
101,0,127
102,0,127
103,0,127
104,0,127
105,0,127
106,0,127
107,0,127
108,0,127
109,0,127
110,0,127
111,0,127
112,0,127
113,0,127
114,0,127
115,0,127
116,0,127
117,0,127
118,0,127
119,0,127
120,0,127
121,0,127
122,0,127
123,0,127
124,0,127
125,0,127
126,0,127
127,0,127
0,1,0
1,1,0
2,1,0
3,1,0
4,1,0
5,1,0
6,1,0
7,1,0
8,1,0
9,1,0
10,1,0
11,1,0
12,1,0
13,1,0
14,1,0
15,1,0
16,1,0
17,1,0
18,1,0
19,1,0
20,1,0
21,1,0
22,1,0
23,1,0
24,1,0
25,1,0
26,1,0
27,1,0
28,1,0
29,1,0
30,1,0
31,1,0
32,1,0
33,1,0
34,1,0
35,1,0
36,1,0
37,1,0
38,1,0
39,1,0
40,1,0
41,1,0
42,1,0
43,1,0
44,1,0
45,1,0
46,1,0
47,1,0
48,1,0
49,1,0
50,1,0
51,1,0
52,1,0
53,1,0
54,1,0
55,1,0
56,1,0
57,1,0
58,1,0
59,1,0
60,1,0
61,1,0
62,1,0
63,1,0
64,1,0
65,1,0
66,1,0
67,1,0
68,1,0
69,1,0
70,1,0
71,1,0
72,1,0
73,1,0
74,1,0
75,1,0
76,1,0
77,1,0
78,1,0
79,1,0
80,1,0
81,1,0
82,1,0
83,1,0
84,1,0
85,1,0
86,1,0
87,1,0
88,1,0
89,1,0
90,1,0
91,1,0
92,1,0
93,1,0
94,1,0
95,1,0
96,1,0
97,1,0
98,1,0
99,1,0
100,1,0
101,1,0
102,1,0
103,1,0
104,1,0
105,1,0
106,1,0
107,1,0
108,1,0
109,1,0
110,1,0
111,1,0
112,1,0
113,1,0
114,1,0
115,1,0
116,1,0
117,1,0
118,1,0
119,1,0
120,1,0
121,1,0
122,1,0
123,1,0
124,1,0
125,1,0
126,1,0
127,1,0
0,1,1
40,1,1
72,1,1
127,1,1
0,1,2
40,1,2
72,1,2
127,1,2
0,1,3
40,1,3
72,1,3
127,1,3
0,1,4
40,1,4
72,1,4
127,1,4
0,1,5
40,1,5
64,1,5
72,1,5
90,1,5
91,1,5
92,1,5
127,1,5
0,1,6
8,1,6
9,1,6
10,1,6
11,1,6
12,1,6
40,1,6
47,1,6
50,1,6
64,1,6
72,1,6
77,1,6
78,1,6
79,1,6
80,1,6
127,1,6
0,1,7
12,1,7
56,1,7
58,1,7
64,1,7
72,1,7
78,1,7
79,1,7
80,1,7
92,1,7
101,1,7
127,1,7
0,1,8
12,1,8
72,1,8
77,1,8
78,1,8
79,1,8
80,1,8
127,1,8
0,1,9
12,1,9
64,1,9
72,1,9
115,1,9
116,1,9
117,1,9
118,1,9
127,1,9
0,1,10
12,1,10
48,1,10
72,1,10
109,1,10
110,1,10
112,1,10
114,1,10
116,1,10
117,1,10
118,1,10
127,1,10
0,1,11
4,1,11
5,1,11
6,1,11
7,1,11
12,1,11
40,1,11
64,1,11
72,1,11
92,1,11
101,1,11
115,1,11
116,1,11
117,1,11
118,1,11
127,1,11
0,1,12
4,1,12
7,1,12
12,1,12
40,1,12
72,1,12
101,1,12
117,1,12
127,1,12
0,1,13
4,1,13
5,1,13
6,1,13
7,1,13
12,1,13
40,1,13
48,1,13
72,1,13
101,1,13
117,1,13
127,1,13
0,1,14
12,1,14
40,1,14
57,1,14
72,1,14
99,1,14
100,1,14
101,1,14
117,1,14
127,1,14
0,1,15
12,1,15
40,1,15
64,1,15
72,1,15
117,1,15
127,1,15
0,1,16
12,1,16
48,1,16
72,1,16
91,1,16
117,1,16
127,1,16
0,1,17
12,1,17
64,1,17
72,1,17
90,1,17
91,1,17
92,1,17
117,1,17
127,1,17
0,1,18
1,1,18
2,1,18
3,1,18
4,1,18
5,1,18
6,1,18
12,1,18
72,1,18
77,1,18
78,1,18
79,1,18
80,1,18
90,1,18
91,1,18
117,1,18
127,1,18
0,1,19
12,1,19
48,1,19
56,1,19
58,1,19
60,1,19
62,1,19
64,1,19
72,1,19
78,1,19
79,1,19
80,1,19
91,1,19
117,1,19
118,1,19
119,1,19
127,1,19
0,1,20
12,1,20
44,1,20
45,1,20
46,1,20
77,1,20
78,1,20
79,1,20
80,1,20
109,1,20
110,1,20
111,1,20
112,1,20
113,1,20
114,1,20
115,1,20
116,1,20
117,1,20
127,1,20
0,1,21
12,1,21
103,1,21
115,1,21
116,1,21
127,1,21
0,1,22
12,1,22
102,1,22
103,1,22
127,1,22
0,1,23
12,1,23
127,1,23
0,1,24
127,1,24
0,1,25
127,1,25
0,1,26
127,1,26
0,1,27
72,1,27
127,1,27
0,1,28
7,1,28
8,1,28
18,1,28
19,1,28
20,1,28
22,1,28
23,1,28
24,1,28
25,1,28
27,1,28
28,1,28
29,1,28
30,1,28
71,1,28
72,1,28
73,1,28
74,1,28
127,1,28
0,1,29
7,1,29
30,1,29
44,1,29
45,1,29
46,1,29
47,1,29
48,1,29
49,1,29
50,1,29
51,1,29
52,1,29
53,1,29
54,1,29
55,1,29
56,1,29
57,1,29
58,1,29
59,1,29
60,1,29
61,1,29
62,1,29
63,1,29
64,1,29
65,1,29
96,1,29
103,1,29
104,1,29
105,1,29
106,1,29
107,1,29
108,1,29
109,1,29
110,1,29
111,1,29
112,1,29
113,1,29
114,1,29
115,1,29
116,1,29
117,1,29
118,1,29
119,1,29
120,1,29
127,1,29
0,1,30
7,1,30
30,1,30
44,1,30
45,1,30
46,1,30
47,1,30
48,1,30
49,1,30
50,1,30
51,1,30
52,1,30
53,1,30
54,1,30
55,1,30
56,1,30
57,1,30
58,1,30
59,1,30
60,1,30
61,1,30
62,1,30
63,1,30
64,1,30
65,1,30
96,1,30
103,1,30
120,1,30
127,1,30
0,1,31
7,1,31
30,1,31
96,1,31
103,1,31
120,1,31
127,1,31
0,1,32
7,1,32
21,1,32
30,1,32
96,1,32
103,1,32
120,1,32
127,1,32
0,1,33
7,1,33
26,1,33
30,1,33
72,1,33
73,1,33
74,1,33
75,1,33
77,1,33
79,1,33
80,1,33
82,1,33
85,1,33
86,1,33
87,1,33
88,1,33
89,1,33
96,1,33
103,1,33
120,1,33
127,1,33
0,1,34
7,1,34
96,1,34
103,1,34
104,1,34
107,1,34
108,1,34
111,1,34
112,1,34
115,1,34
116,1,34
119,1,34
120,1,34
121,1,34
127,1,34
0,1,35
7,1,35
30,1,35
96,1,35
103,1,35
127,1,35
0,1,36
7,1,36
64,1,36
65,1,36
66,1,36
96,1,36
103,1,36
127,1,36
0,1,37
7,1,37
64,1,37
66,1,37
74,1,37
75,1,37
76,1,37
96,1,37
127,1,37
0,1,38
7,1,38
30,1,38
64,1,38
66,1,38
96,1,38
127,1,38
0,1,39
7,1,39
11,1,39
30,1,39
83,1,39
84,1,39
85,1,39
96,1,39
127,1,39
0,1,40
7,1,40
11,1,40
15,1,40
16,1,40
17,1,40
19,1,40
20,1,40
30,1,40
48,1,40
49,1,40
50,1,40
51,1,40
52,1,40
53,1,40
54,1,40
55,1,40
56,1,40
57,1,40
58,1,40
96,1,40
127,1,40
0,1,41
7,1,41
11,1,41
12,1,41
13,1,41
14,1,41
30,1,41
48,1,41
49,1,41
50,1,41
51,1,41
52,1,41
53,1,41
54,1,41
55,1,41
56,1,41
57,1,41
58,1,41
95,1,41
96,1,41
97,1,41
98,1,41
99,1,41
100,1,41
101,1,41
102,1,41
103,1,41
106,1,41
107,1,41
108,1,41
109,1,41
110,1,41
111,1,41
112,1,41
114,1,41
115,1,41
116,1,41
117,1,41
118,1,41
119,1,41
127,1,41
0,1,42
7,1,42
15,1,42
20,1,42
30,1,42
48,1,42
49,1,42
57,1,42
58,1,42
95,1,42
119,1,42
127,1,42
0,1,43
7,1,43
30,1,43
48,1,43
49,1,43
57,1,43
58,1,43
95,1,43
119,1,43
127,1,43
0,1,44
7,1,44
15,1,44
20,1,44
48,1,44
49,1,44
57,1,44
58,1,44
95,1,44
119,1,44
127,1,44
0,1,45
7,1,45
48,1,45
49,1,45
57,1,45
58,1,45
70,1,45
71,1,45
72,1,45
73,1,45
74,1,45
77,1,45
79,1,45
80,1,45
82,1,45
85,1,45
86,1,45
87,1,45
88,1,45
89,1,45
95,1,45
119,1,45
127,1,45
0,1,46
7,1,46
15,1,46
20,1,46
48,1,46
49,1,46
57,1,46
58,1,46
95,1,46
119,1,46
127,1,46
0,1,47
7,1,47
48,1,47
49,1,47
57,1,47
58,1,47
119,1,47
127,1,47
0,1,48
7,1,48
15,1,48
20,1,48
48,1,48
49,1,48
57,1,48
58,1,48
111,1,48
114,1,48
119,1,48
127,1,48
0,1,49
7,1,49
11,1,49
13,1,49
15,1,49
16,1,49
19,1,49
20,1,49
22,1,49
24,1,49
48,1,49
49,1,49
56,1,49
57,1,49
58,1,49
95,1,49
119,1,49
127,1,49
0,1,50
11,1,50
13,1,50
15,1,50
20,1,50
22,1,50
24,1,50
48,1,50
49,1,50
50,1,50
51,1,50
52,1,50
53,1,50
54,1,50
55,1,50
56,1,50
57,1,50
58,1,50
95,1,50
104,1,50
119,1,50
127,1,50
0,1,51
30,1,51
48,1,51
49,1,51
50,1,51
51,1,51
52,1,51
53,1,51
54,1,51
55,1,51
56,1,51
57,1,51
58,1,51
95,1,51
119,1,51
127,1,51
0,1,52
30,1,52
95,1,52
119,1,52
127,1,52
0,1,53
30,1,53
95,1,53
119,1,53
127,1,53
0,1,54
25,1,54
30,1,54
95,1,54
119,1,54
127,1,54
0,1,55
30,1,55
95,1,55
119,1,55
127,1,55
0,1,56
30,1,56
64,1,56
119,1,56
127,1,56
0,1,57
30,1,57
64,1,57
95,1,57
127,1,57
0,1,58
12,1,58
30,1,58
64,1,58
95,1,58
127,1,58
0,1,59
30,1,59
64,1,59
95,1,59
119,1,59
127,1,59
0,1,60
7,1,60
30,1,60
60,1,60
61,1,60
62,1,60
63,1,60
65,1,60
66,1,60
67,1,60
68,1,60
95,1,60
119,1,60
127,1,60
0,1,61
7,1,61
16,1,61
22,1,61
35,1,61
36,1,61
37,1,61
38,1,61
39,1,61
41,1,61
45,1,61
47,1,61
49,1,61
51,1,61
53,1,61
64,1,61
95,1,61
119,1,61
127,1,61
0,1,62
35,1,62
64,1,62
95,1,62
119,1,62
127,1,62
0,1,63
7,1,63
35,1,63
41,1,63
45,1,63
53,1,63
64,1,63
95,1,63
119,1,63
127,1,63
0,1,64
7,1,64
35,1,64
64,1,64
95,1,64
106,1,64
119,1,64
127,1,64
0,1,65
7,1,65
8,1,65
9,1,65
10,1,65
11,1,65
12,1,65
13,1,65
14,1,65
15,1,65
16,1,65
22,1,65
23,1,65
24,1,65
25,1,65
26,1,65
27,1,65
41,1,65
43,1,65
45,1,65
53,1,65
95,1,65
119,1,65
127,1,65
0,1,66
95,1,66
97,1,66
119,1,66
127,1,66
0,1,67
33,1,67
34,1,67
35,1,67
53,1,67
95,1,67
119,1,67
127,1,67
0,1,68
33,1,68
35,1,68
95,1,68
108,1,68
119,1,68
127,1,68
0,1,69
33,1,69
34,1,69
35,1,69
53,1,69
95,1,69
119,1,69
127,1,69
0,1,70
119,1,70
127,1,70
0,1,71
53,1,71
95,1,71
119,1,71
127,1,71
0,1,72
95,1,72
96,1,72
97,1,72
98,1,72
99,1,72
101,1,72
102,1,72
103,1,72
104,1,72
105,1,72
106,1,72
107,1,72
108,1,72
109,1,72
110,1,72
112,1,72
113,1,72
114,1,72
115,1,72
116,1,72
117,1,72
118,1,72
119,1,72
127,1,72
0,1,73
1,1,73
2,1,73
3,1,73
4,1,73
5,1,73
6,1,73
7,1,73
8,1,73
9,1,73
10,1,73
11,1,73
12,1,73
13,1,73
14,1,73
15,1,73
16,1,73
17,1,73
18,1,73
19,1,73
20,1,73
51,1,73
55,1,73
127,1,73
0,1,74
58,1,74
59,1,74
60,1,74
62,1,74
63,1,74
69,1,74
70,1,74
71,1,74
72,1,74
127,1,74
0,1,75
127,1,75
0,1,76
127,1,76
0,1,77
51,1,77
55,1,77
127,1,77
0,1,78
127,1,78
0,1,79
127,1,79
0,1,80
102,1,80
103,1,80
127,1,80
0,1,81
91,1,81
95,1,81
96,1,81
97,1,81
99,1,81
100,1,81
101,1,81
102,1,81
103,1,81
104,1,81
105,1,81
127,1,81
0,1,82
11,1,82
12,1,82
13,1,82
14,1,82
15,1,82
16,1,82
17,1,82
91,1,82
99,1,82
100,1,82
127,1,82
0,1,83
17,1,83
91,1,83
99,1,83
100,1,83
127,1,83
0,1,84
17,1,84
41,1,84
47,1,84
91,1,84
100,1,84
105,1,84
127,1,84
0,1,85
17,1,85
29,1,85
35,1,85
37,1,85
51,1,85
52,1,85
53,1,85
54,1,85
55,1,85
72,1,85
73,1,85
91,1,85
100,1,85
101,1,85
102,1,85
103,1,85
104,1,85
105,1,85
107,1,85
108,1,85
127,1,85
0,1,86
17,1,86
41,1,86
47,1,86
72,1,86
73,1,86
91,1,86
102,1,86
103,1,86
127,1,86
0,1,87
11,1,87
17,1,87
72,1,87
91,1,87
127,1,87
0,1,88
17,1,88
18,1,88
20,1,88
22,1,88
23,1,88
24,1,88
29,1,88
70,1,88
71,1,88
72,1,88
91,1,88
127,1,88
0,1,89
81,1,89
83,1,89
127,1,89
0,1,90
7,1,90
8,1,90
91,1,90
127,1,90
0,1,91
7,1,91
9,1,91
127,1,91
0,1,92
7,1,92
8,1,92
9,1,92
91,1,92
127,1,92
0,1,93
127,1,93
0,1,94
91,1,94
127,1,94
0,1,95
85,1,95
127,1,95
0,1,96
91,1,96
99,1,96
101,1,96
127,1,96
0,1,97
18,1,97
111,1,97
112,1,97
127,1,97
0,1,98
18,1,98
85,1,98
91,1,98
93,1,98
111,1,98
112,1,98
127,1,98
0,1,99
5,1,99
6,1,99
7,1,99
8,1,99
10,1,99
11,1,99
12,1,99
14,1,99
15,1,99
16,1,99
17,1,99
18,1,99
19,1,99
99,1,99
101,1,99
111,1,99
112,1,99
127,1,99
0,1,100
5,1,100
18,1,100
111,1,100
112,1,100
127,1,100
0,1,101
5,1,101
18,1,101
96,1,101
127,1,101
0,1,102
5,1,102
127,1,102
0,1,103
5,1,103
127,1,103
0,1,104
5,1,104
25,1,104
26,1,104
27,1,104
28,1,104
29,1,104
127,1,104
0,1,105
5,1,105
26,1,105
27,1,105
29,1,105
127,1,105
0,1,106
5,1,106
26,1,106
27,1,106
28,1,106
29,1,106
127,1,106
0,1,107
5,1,107
79,1,107
80,1,107
81,1,107
82,1,107
83,1,107
84,1,107
127,1,107
0,1,108
5,1,108
79,1,108
84,1,108
127,1,108
0,1,109
5,1,109
79,1,109
84,1,109
127,1,109
0,1,110
5,1,110
79,1,110
84,1,110
127,1,110
0,1,111
5,1,111
79,1,111
84,1,111
127,1,111
0,1,112
5,1,112
79,1,112
84,1,112
103,1,112
104,1,112
105,1,112
106,1,112
107,1,112
108,1,112
109,1,112
110,1,112
111,1,112
112,1,112
113,1,112
114,1,112
115,1,112
116,1,112
117,1,112
127,1,112
0,1,113
5,1,113
27,1,113
28,1,113
29,1,113
30,1,113
79,1,113
84,1,113
103,1,113
117,1,113
127,1,113
0,1,114
5,1,114
27,1,114
28,1,114
29,1,114
30,1,114
79,1,114
84,1,114
103,1,114
117,1,114
127,1,114
0,1,115
5,1,115
27,1,115
28,1,115
29,1,115
30,1,115
79,1,115
84,1,115
103,1,115
117,1,115
127,1,115
0,1,116
5,1,116
72,1,116
73,1,116
74,1,116
75,1,116
76,1,116
77,1,116
78,1,116
79,1,116
84,1,116
103,1,116
117,1,116
127,1,116
0,1,117
5,1,117
6,1,117
7,1,117
8,1,117
9,1,117
10,1,117
11,1,117
12,1,117
13,1,117
14,1,117
15,1,117
16,1,117
17,1,117
18,1,117
19,1,117
20,1,117
72,1,117
84,1,117
103,1,117
104,1,117
105,1,117
106,1,117
107,1,117
108,1,117
109,1,117
110,1,117
111,1,117
112,1,117
113,1,117
114,1,117
115,1,117
116,1,117
117,1,117
127,1,117
0,1,118
11,1,118
12,1,118
13,1,118
72,1,118
79,1,118
84,1,118
127,1,118
0,1,119
11,1,119
12,1,119
13,1,119
72,1,119
84,1,119
127,1,119
0,1,120
72,1,120
84,1,120
127,1,120
0,1,121
72,1,121
73,1,121
74,1,121
75,1,121
76,1,121
77,1,121
78,1,121
79,1,121
80,1,121
81,1,121
82,1,121
83,1,121
84,1,121
127,1,121
0,1,122
44,1,122
45,1,122
46,1,122
47,1,122
48,1,122
49,1,122
56,1,122
57,1,122
58,1,122
59,1,122
60,1,122
61,1,122
127,1,122
0,1,123
44,1,123
61,1,123
127,1,123
0,1,124
44,1,124
61,1,124
127,1,124
0,1,125
44,1,125
61,1,125
127,1,125
0,1,126
44,1,126
61,1,126
127,1,126
0,1,127
1,1,127
2,1,127
3,1,127
4,1,127
5,1,127
6,1,127
7,1,127
8,1,127
9,1,127
10,1,127
11,1,127
12,1,127
13,1,127
14,1,127
15,1,127
16,1,127
17,1,127
18,1,127
19,1,127
20,1,127
21,1,127
22,1,127
23,1,127
24,1,127
25,1,127
26,1,127
27,1,127
28,1,127
29,1,127
30,1,127
31,1,127
32,1,127
33,1,127
34,1,127
35,1,127
36,1,127
37,1,127
38,1,127
39,1,127
40,1,127
41,1,127
42,1,127
43,1,127
44,1,127
45,1,127
60,1,127
61,1,127
62,1,127
63,1,127
64,1,127
65,1,127
66,1,127
67,1,127
68,1,127
69,1,127
70,1,127
71,1,127
72,1,127
73,1,127
74,1,127
75,1,127
76,1,127
77,1,127
78,1,127
79,1,127
80,1,127
81,1,127
82,1,127
83,1,127
84,1,127
85,1,127
86,1,127
87,1,127
88,1,127
89,1,127
90,1,127
91,1,127
92,1,127
93,1,127
94,1,127
95,1,127
96,1,127
97,1,127
98,1,127
99,1,127
100,1,127
101,1,127
102,1,127
103,1,127
104,1,127
105,1,127
106,1,127
107,1,127
108,1,127
109,1,127
110,1,127
111,1,127
112,1,127
113,1,127
114,1,127
115,1,127
116,1,127
117,1,127
118,1,127
119,1,127
120,1,127
121,1,127
122,1,127
123,1,127
124,1,127
125,1,127
126,1,127
127,1,127
0,2,0
1,2,0
2,2,0
3,2,0
6,2,0
10,2,0
13,2,0
16,2,0
20,2,0
24,2,0
27,2,0
30,2,0
33,2,0
36,2,0
39,2,0
40,2,0
41,2,0
42,2,0
43,2,0
44,2,0
47,2,0
50,2,0
53,2,0
56,2,0
59,2,0
62,2,0
66,2,0
69,2,0
72,2,0
75,2,0
78,2,0
81,2,0
84,2,0
87,2,0
90,2,0
93,2,0
96,2,0
99,2,0
102,2,0
105,2,0
108,2,0
113,2,0
116,2,0
119,2,0
122,2,0
125,2,0
126,2,0
127,2,0
0,2,1
127,2,1
0,2,2
127,2,2
0,2,3
92,2,5
127,2,5
0,2,6
47,2,6
50,2,6
77,2,6
78,2,6
79,2,6
80,2,6
92,2,6
56,2,7
64,2,7
79,2,7
80,2,7
92,2,7
101,2,7
64,2,8
77,2,8
78,2,8
79,2,8
80,2,8
127,2,8
0,2,9
64,2,9
115,2,9
116,2,9
117,2,9
118,2,9
48,2,10
109,2,10
110,2,10
111,2,10
112,2,10
113,2,10
114,2,10
117,2,10
118,2,10
5,2,11
6,2,11
7,2,11
12,2,11
64,2,11
92,2,11
101,2,11
115,2,11
116,2,11
117,2,11
118,2,11
127,2,11
0,2,12
4,2,12
5,2,12
7,2,12
12,2,12
101,2,12
117,2,12
127,2,12
5,2,13
6,2,13
7,2,13
12,2,13
48,2,13
101,2,13
117,2,13
127,2,13
57,2,14
101,2,14
117,2,14
127,2,14
0,2,15
64,2,15
117,2,15
48,2,16
91,2,16
117,2,16
64,2,17
117,2,17
127,2,17
0,2,18
1,2,18
6,2,18
77,2,18
78,2,18
79,2,18
80,2,18
91,2,18
92,2,18
117,2,18
48,2,19
56,2,19
58,2,19
60,2,19
62,2,19
64,2,19
79,2,19
80,2,19
91,2,19
116,2,19
117,2,19
46,2,20
47,2,20
77,2,20
78,2,20
79,2,20
80,2,20
109,2,20
110,2,20
111,2,20
112,2,20
113,2,20
114,2,20
115,2,20
116,2,20
117,2,20
127,2,20
0,2,21
12,2,21
103,2,21
115,2,21
116,2,21
12,2,22
102,2,22
103,2,22
12,2,23
127,2,23
0,2,24
0,2,25
127,2,26
0,2,28
71,2,28
72,2,28
73,2,28
74,2,28
0,2,29
103,2,29
104,2,29
106,2,29
108,2,29
110,2,29
112,2,29
114,2,29
116,2,29
118,2,29
120,2,29
127,2,29
44,2,30
45,2,30
46,2,30
47,2,30
48,2,30
49,2,30
50,2,30
51,2,30
52,2,30
53,2,30
54,2,30
55,2,30
56,2,30
57,2,30
58,2,30
59,2,30
60,2,30
61,2,30
62,2,30
63,2,30
64,2,30
65,2,30
103,2,30
127,2,30
21,2,31
103,2,31
120,2,31
0,2,32
21,2,32
26,2,32
103,2,32
21,2,33
26,2,33
75,2,33
76,2,33
77,2,33
78,2,33
79,2,33
80,2,33
81,2,33
82,2,33
83,2,33
84,2,33
85,2,33
86,2,33
87,2,33
88,2,33
89,2,33
103,2,33
105,2,33
106,2,33
107,2,33
109,2,33
111,2,33
112,2,33
113,2,33
114,2,33
115,2,33
116,2,33
117,2,33
120,2,33
127,2,33
26,2,34
104,2,34
107,2,34
108,2,34
109,2,34
110,2,34
111,2,34
112,2,34
113,2,34
114,2,34
115,2,34
116,2,34
117,2,34
118,2,34
119,2,34
120,2,34
127,2,34
0,2,35
64,2,36
65,2,36
66,2,36
64,2,37
65,2,37
66,2,37
75,2,37
76,2,37
127,2,37
0,2,38
64,2,38
65,2,38
66,2,38
83,2,39
84,2,39
11,2,40
15,2,40
16,2,40
17,2,40
18,2,40
19,2,40
20,2,40
127,2,40
0,2,41
11,2,41
12,2,41
13,2,41
14,2,41
15,2,42
20,2,42
50,2,42
51,2,42
52,2,42
53,2,42
54,2,42
55,2,42
56,2,42
50,2,43
56,2,43
127,2,43
0,2,44
15,2,44
20,2,44
50,2,44
56,2,44
50,2,45
56,2,45
70,2,45
71,2,45
72,2,45
73,2,45
74,2,45
75,2,45
76,2,45
77,2,45
78,2,45
79,2,45
80,2,45
81,2,45
82,2,45
83,2,45
84,2,45
85,2,45
86,2,45
87,2,45
88,2,45
89,2,45
15,2,46
20,2,46
50,2,46
56,2,46
127,2,46
50,2,47
56,2,47
0,2,48
15,2,48
20,2,48
50,2,48
56,2,48
111,2,48
7,2,49
11,2,49
13,2,49
15,2,49
16,2,49
19,2,49
20,2,49
22,2,49
24,2,49
50,2,49
51,2,49
52,2,49
53,2,49
54,2,49
55,2,49
56,2,49
127,2,49
11,2,50
13,2,50
15,2,50
20,2,50
22,2,50
24,2,50
104,2,50
127,2,50
0,2,51
127,2,51
127,2,52
0,2,54
24,2,54
25,2,54
26,2,54
127,2,55
0,2,57
64,2,57
11,2,58
12,2,58
13,2,58
64,2,58
127,2,58
64,2,59
0,2,60
7,2,60
30,2,60
61,2,60
62,2,60
63,2,60
65,2,60
66,2,60
67,2,60
15,2,61
16,2,61
17,2,61
21,2,61
22,2,61
23,2,61
35,2,61
36,2,61
37,2,61
38,2,61
39,2,61
41,2,61
45,2,61
47,2,61
49,2,61
51,2,61
53,2,61
64,2,61
127,2,61
35,2,62
64,2,62
0,2,63
35,2,63
41,2,63
45,2,63
53,2,63
64,2,63
0,2,64
35,2,64
106,2,64
127,2,64
7,2,65
35,2,65
41,2,65
43,2,65
45,2,65
53,2,65
0,2,66
97,2,66
0,2,67
33,2,67
34,2,67
35,2,67
53,2,67
127,2,67
33,2,68
35,2,68
108,2,68
127,2,68
33,2,69
34,2,69
35,2,69
53,2,69
0,2,70
53,2,71
127,2,71
119,2,72
127,2,72
0,2,73
3,2,73
6,2,73
9,2,73
12,2,73
15,2,73
18,2,73
19,2,73
20,2,73
51,2,73
52,2,73
53,2,73
54,2,73
55,2,73
51,2,74
52,2,74
53,2,74
55,2,74
56,2,74
57,2,74
58,2,74
59,2,74
60,2,74
62,2,74
63,2,74
64,2,74
65,2,74
67,2,74
68,2,74
69,2,74
51,2,75
53,2,75
54,2,75
55,2,75
127,2,75
0,2,76
51,2,76
52,2,76
53,2,76
55,2,76
51,2,77
52,2,77
53,2,77
54,2,77
55,2,77
127,2,78
0,2,79
90,2,80
91,2,80
92,2,80
90,2,81
91,2,81
92,2,81
93,2,81
94,2,81
95,2,81
100,2,81
101,2,81
104,2,81
105,2,81
127,2,81
0,2,82
11,2,82
12,2,82
13,2,82
14,2,82
15,2,82
16,2,82
17,2,82
90,2,82
91,2,82
100,2,82
105,2,82
0,2,83
11,2,83
17,2,83
91,2,83
105,2,83
0,2,84
11,2,84
17,2,84
41,2,84
42,2,84
43,2,84
44,2,84
45,2,84
46,2,84
47,2,84
91,2,84
100,2,84
105,2,84
127,2,84
0,2,85
11,2,85
17,2,85
29,2,85
30,2,85
31,2,85
32,2,85
33,2,85
34,2,85
35,2,85
37,2,85
38,2,85
39,2,85
40,2,85
41,2,85
42,2,85
43,2,85
44,2,85
45,2,85
46,2,85
47,2,85
48,2,85
49,2,85
50,2,85
51,2,85
72,2,85
73,2,85
90,2,85
91,2,85
100,2,85
101,2,85
104,2,85
105,2,85
106,2,85
107,2,85
0,2,86
11,2,86
17,2,86
29,2,86
41,2,86
42,2,86
43,2,86
44,2,86
45,2,86
46,2,86
47,2,86
72,2,86
73,2,86
90,2,86
91,2,86
0,2,87
8,2,87
9,2,87
10,2,87
11,2,87
17,2,87
29,2,87
91,2,87
127,2,87
8,2,88
17,2,88
18,2,88
20,2,88
22,2,88
23,2,88
24,2,88
25,2,88
26,2,88
27,2,88
28,2,88
29,2,88
91,2,88
127,2,88
8,2,89
81,2,89
83,2,89
127,2,89
0,2,90
7,2,90
8,2,90
91,2,90
127,2,90
7,2,91
8,2,91
9,2,91
7,2,92
8,2,92
9,2,92
91,2,92
0,2,93
127,2,93
91,2,94
85,2,95
0,2,96
85,2,96
91,2,96
99,2,96
100,2,96
101,2,96
127,2,96
85,2,97
99,2,97
100,2,97
101,2,97
111,2,97
112,2,97
85,2,98
91,2,98
93,2,98
94,2,98
99,2,98
100,2,98
101,2,98
111,2,98
112,2,98
0,2,99
5,2,99
6,2,99
7,2,99
8,2,99
10,2,99
11,2,99
12,2,99
13,2,99
14,2,99
15,2,99
16,2,99
17,2,99
18,2,99
19,2,99
94,2,99
99,2,99
100,2,99
101,2,99
111,2,99
112,2,99
127,2,99
5,2,100
94,2,100
99,2,100
5,2,101
94,2,101
95,2,101
96,2,101
97,2,101
98,2,101
99,2,101
0,2,102
5,2,102
127,2,102
0,2,103
5,2,103
0,2,104
27,2,104
28,2,104
0,2,105
26,2,105
29,2,105
127,2,105
0,2,106
27,2,106
28,2,106
127,2,106
0,2,107
80,2,107
81,2,107
82,2,107
83,2,107
84,2,107
80,2,108
84,2,108
80,2,109
84,2,109
127,2,109
0,2,110
80,2,110
84,2,110
127,2,110
80,2,111
84,2,111
80,2,112
84,2,112
104,2,112
105,2,112
106,2,112
107,2,112
108,2,112
109,2,112
110,2,112
111,2,112
112,2,112
113,2,112
114,2,112
115,2,112
116,2,112
117,2,112
0,2,113
5,2,113
27,2,113
28,2,113
29,2,113
30,2,113
80,2,113
84,2,113
104,2,113
117,2,113
127,2,113
5,2,114
28,2,114
29,2,114
30,2,114
80,2,114
84,2,114
104,2,114
117,2,114
5,2,115
29,2,115
30,2,115
80,2,115
84,2,115
104,2,115
117,2,115
0,2,116
5,2,116
80,2,116
84,2,116
104,2,116
117,2,116
127,2,116
5,2,117
6,2,117
7,2,117
8,2,117
9,2,117
10,2,117
11,2,117
12,2,117
13,2,117
14,2,117
15,2,117
16,2,117
17,2,117
18,2,117
19,2,117
20,2,117
72,2,117
73,2,117
74,2,117
75,2,117
76,2,117
77,2,117
78,2,117
79,2,117
80,2,117
84,2,117
104,2,117
105,2,117
106,2,117
107,2,117
108,2,117
109,2,117
110,2,117
111,2,117
112,2,117
113,2,117
114,2,117
115,2,117
116,2,117
117,2,117
72,2,118
77,2,118
78,2,118
79,2,118
84,2,118
0,2,119
72,2,119
77,2,119
78,2,119
79,2,119
84,2,119
127,2,119
72,2,120
74,2,120
77,2,120
78,2,120
79,2,120
84,2,120
72,2,121
73,2,121
74,2,121
75,2,121
76,2,121
77,2,121
78,2,121
79,2,121
80,2,121
81,2,121
82,2,121
83,2,121
84,2,121
0,2,122
44,2,122
45,2,122
46,2,122
47,2,122
48,2,122
49,2,122
56,2,122
57,2,122
58,2,122
59,2,122
60,2,122
61,2,122
77,2,122
78,2,122
79,2,122
127,2,122
44,2,123
61,2,123
44,2,124
61,2,124
0,2,125
44,2,125
61,2,125
127,2,125
0,2,126
44,2,126
61,2,126
127,2,126
0,2,127
1,2,127
2,2,127
5,2,127
8,2,127
11,2,127
14,2,127
17,2,127
20,2,127
21,2,127
24,2,127
25,2,127
28,2,127
31,2,127
34,2,127
37,2,127
40,2,127
43,2,127
44,2,127
45,2,127
60,2,127
61,2,127
62,2,127
65,2,127
68,2,127
71,2,127
74,2,127
77,2,127
80,2,127
83,2,127
84,2,127
86,2,127
87,2,127
91,2,127
94,2,127
97,2,127
100,2,127
103,2,127
106,2,127
107,2,127
109,2,127
110,2,127
113,2,127
116,2,127
119,2,127
122,2,127
125,2,127
126,2,127
127,2,127
0,3,0
1,3,0
2,3,0
40,3,0
41,3,0
42,3,0
43,3,0
79,3,0
80,3,0
96,3,0
97,3,0
98,3,0
99,3,0
108,3,0
109,3,0
110,3,0
111,3,0
112,3,0
113,3,0
126,3,0
127,3,0
0,3,1
127,3,1
0,3,2
47,3,6
48,3,6
49,3,6
50,3,6
77,3,6
78,3,6
79,3,6
80,3,6
92,3,6
47,3,7
56,3,7
80,3,7
92,3,7
101,3,7
47,3,8
64,3,8
77,3,8
78,3,8
79,3,8
80,3,8
47,3,9
64,3,9
78,3,9
79,3,9
47,3,10
48,3,10
64,3,10
78,3,10
79,3,10
109,3,10
111,3,10
113,3,10
114,3,10
115,3,10
116,3,10
117,3,10
5,3,11
6,3,11
7,3,11
47,3,11
48,3,11
49,3,11
64,3,11
78,3,11
79,3,11
92,3,11
101,3,11
115,3,11
5,3,12
7,3,12
49,3,12
78,3,12
79,3,12
101,3,12
117,3,12
127,3,12
5,3,13
6,3,13
7,3,13
48,3,13
49,3,13
78,3,13
79,3,13
101,3,13
127,3,13
47,3,14
48,3,14
49,3,14
57,3,14
78,3,14
79,3,14
117,3,14
47,3,15
64,3,15
78,3,15
79,3,15
47,3,16
48,3,16
78,3,16
79,3,16
91,3,16
117,3,16
47,3,17
48,3,17
49,3,17
64,3,17
78,3,17
79,3,17
91,3,17
6,3,18
49,3,18
77,3,18
78,3,18
79,3,18
80,3,18
91,3,18
117,3,18
48,3,19
49,3,19
62,3,19
64,3,19
80,3,19
91,3,19
92,3,19
47,3,20
48,3,20
49,3,20
77,3,20
78,3,20
79,3,20
80,3,20
91,3,20
92,3,20
109,3,20
111,3,20
113,3,20
115,3,20
117,3,20
103,3,21
115,3,21
102,3,22
103,3,22
0,3,25
0,3,26
0,3,27
0,3,28
71,3,28
72,3,28
73,3,28
74,3,28
103,3,29
104,3,29
105,3,29
106,3,29
107,3,29
108,3,29
109,3,29
110,3,29
111,3,29
112,3,29
113,3,29
114,3,29
115,3,29
116,3,29
117,3,29
118,3,29
119,3,29
120,3,29
103,3,30
120,3,30
127,3,30
120,3,31
127,3,31
21,3,32
103,3,32
120,3,32
127,3,32
26,3,33
77,3,33
78,3,33
79,3,33
80,3,33
81,3,33
82,3,33
104,3,33
105,3,33
107,3,33
108,3,33
110,3,33
111,3,33
112,3,33
113,3,33
114,3,33
115,3,33
116,3,33
117,3,33
119,3,33
120,3,33
127,3,33
77,3,34
82,3,34
104,3,34
105,3,34
106,3,34
107,3,34
109,3,34
110,3,34
111,3,34
113,3,34
114,3,34
115,3,34
116,3,34
117,3,34
118,3,34
119,3,34
77,3,35
82,3,35
77,3,36
82,3,36
76,3,37
77,3,37
82,3,37
77,3,38
82,3,38
77,3,39
82,3,39
83,3,39
15,3,40
16,3,40
17,3,40
18,3,40
19,3,40
20,3,40
77,3,40
82,3,40
11,3,41
12,3,41
13,3,41
14,3,41
77,3,41
82,3,41
15,3,42
20,3,42
77,3,42
82,3,42
51,3,43
52,3,43
53,3,43
54,3,43
55,3,43
77,3,43
82,3,43
15,3,44
20,3,44
51,3,44
55,3,44
77,3,44
82,3,44
0,3,45
51,3,45
55,3,45
77,3,45
78,3,45
79,3,45
80,3,45
81,3,45
82,3,45
0,3,46
15,3,46
20,3,46
51,3,46
55,3,46
0,3,47
51,3,47
55,3,47
15,3,48
20,3,48
51,3,48
52,3,48
53,3,48
54,3,48
55,3,48
11,3,49
13,3,49
15,3,49
16,3,49
19,3,49
20,3,49
22,3,49
24,3,49
104,3,49
11,3,50
13,3,50
15,3,50
20,3,50
22,3,50
24,3,50
104,3,50
127,3,50
127,3,51
25,3,54
12,3,58
64,3,58
64,3,59
62,3,60
63,3,60
65,3,60
66,3,60
16,3,61
22,3,61
64,3,61
64,3,62
106,3,63
0,3,64
106,3,64
107,3,64
0,3,65
35,3,65
96,3,65
0,3,66
35,3,66
96,3,66
97,3,66
33,3,67
34,3,67
35,3,67
33,3,68
35,3,68
108,3,68
127,3,68
33,3,69
34,3,69
35,3,69
127,3,69
127,3,70
127,3,71
19,3,73
20,3,73
91,3,81
100,3,81
101,3,81
102,3,81
103,3,81
104,3,81
105,3,81
16,3,82
17,3,82
91,3,82
100,3,82
105,3,82
0,3,83
17,3,83
90,3,83
91,3,83
105,3,83
0,3,84
17,3,84
41,3,84
42,3,84
43,3,84
44,3,84
45,3,84
46,3,84
47,3,84
91,3,84
100,3,84
105,3,84
0,3,85
17,3,85
91,3,85
100,3,85
101,3,85
104,3,85
105,3,85
106,3,85
0,3,86
17,3,86
41,3,86
42,3,86
43,3,86
44,3,86
45,3,86
46,3,86
47,3,86
91,3,86
17,3,87
90,3,87
91,3,87
17,3,88
18,3,88
20,3,88
22,3,88
23,3,88
24,3,88
91,3,88
127,3,88
81,3,89
83,3,89
127,3,89
91,3,90
91,3,92
91,3,94
91,3,96
111,3,97
112,3,97
111,3,98
112,3,98
8,3,99
10,3,99
11,3,99
12,3,99
13,3,99
14,3,99
15,3,99
16,3,99
17,3,99
19,3,99
0,3,103
0,3,104
26,3,104
27,3,104
28,3,104
29,3,104
26,3,105
29,3,105
26,3,106
27,3,106
28,3,106
29,3,106
127,3,106
81,3,107
82,3,107
83,3,107
84,3,107
127,3,107
81,3,108
84,3,108
127,3,108
81,3,109
84,3,109
127,3,109
81,3,110
84,3,110
81,3,111
84,3,111
81,3,112
84,3,112
28,3,113
29,3,113
30,3,113
81,3,113
84,3,113
105,3,113
106,3,113
107,3,113
108,3,113
109,3,113
110,3,113
111,3,113
112,3,113
113,3,113
114,3,113
115,3,113
116,3,113
28,3,114
29,3,114
30,3,114
81,3,114
84,3,114
105,3,114
116,3,114
30,3,115
81,3,115
84,3,115
105,3,115
116,3,115
81,3,116
84,3,116
105,3,116
106,3,116
107,3,116
108,3,116
109,3,116
110,3,116
111,3,116
112,3,116
113,3,116
114,3,116
115,3,116
116,3,116
8,3,117
9,3,117
10,3,117
11,3,117
12,3,117
13,3,117
14,3,117
15,3,117
16,3,117
17,3,117
18,3,117
19,3,117
20,3,117
81,3,117
72,3,118
73,3,118
74,3,118
75,3,118
76,3,118
78,3,118
79,3,118
80,3,118
81,3,118
82,3,118
84,3,118
72,3,119
76,3,119
78,3,119
79,3,119
80,3,119
84,3,119
72,3,120
74,3,120
76,3,120
78,3,120
79,3,120
80,3,120
84,3,120
72,3,121
73,3,121
74,3,121
75,3,121
76,3,121
78,3,121
79,3,121
80,3,121
81,3,121
82,3,121
83,3,121
84,3,121
44,3,122
48,3,122
57,3,122
61,3,122
0,3,126
127,3,126
0,3,127
1,3,127
21,3,127
22,3,127
23,3,127
24,3,127
44,3,127
61,3,127
83,3,127
84,3,127
85,3,127
86,3,127
87,3,127
107,3,127
108,3,127
109,3,127
126,3,127
127,3,127
0,4,0
79,4,0
80,4,0
97,4,0
98,4,0
108,4,0
109,4,0
110,4,0
111,4,0
112,4,0
113,4,0
127,4,0
56,4,7
92,4,7
93,4,7
94,4,7
95,4,7
96,4,7
97,4,7
98,4,7
99,4,7
100,4,7
101,4,7
92,4,8
93,4,8
95,4,8
96,4,8
98,4,8
99,4,8
101,4,8
64,4,9
92,4,9
93,4,9
94,4,9
95,4,9
97,4,9
99,4,9
100,4,9
101,4,9
48,4,10
64,4,10
92,4,10
93,4,10
95,4,10
96,4,10
97,4,10
98,4,10
99,4,10
101,4,10
109,4,10
110,4,10
111,4,10
112,4,10
113,4,10
114,4,10
115,4,10
116,4,10
117,4,10
5,4,11
6,4,11
7,4,11
64,4,11
92,4,11
93,4,11
94,4,11
95,4,11
96,4,11
97,4,11
98,4,11
99,4,11
100,4,11
101,4,11
117,4,11
5,4,12
6,4,12
7,4,12
101,4,12
117,4,12
5,4,13
6,4,13
7,4,13
48,4,13
117,4,13
57,4,14
117,4,14
64,4,15
117,4,15
48,4,16
91,4,16
117,4,16
64,4,17
91,4,17
117,4,17
91,4,18
117,4,18
48,4,19
64,4,19
91,4,19
117,4,19
91,4,20
109,4,20
110,4,20
111,4,20
112,4,20
113,4,20
114,4,20
115,4,20
116,4,20
117,4,20
103,4,21
102,4,22
103,4,22
0,4,25
0,4,26
0,4,27
0,4,28
71,4,28
72,4,28
73,4,28
74,4,28
103,4,30
104,4,30
105,4,30
106,4,30
107,4,30
108,4,30
109,4,30
110,4,30
111,4,30
112,4,30
113,4,30
114,4,30
115,4,30
116,4,30
117,4,30
118,4,30
119,4,30
120,4,30
103,4,31
119,4,31
120,4,31
127,4,31
103,4,32
120,4,32
127,4,32
103,4,33
105,4,33
108,4,33
109,4,33
110,4,33
111,4,33
112,4,33
113,4,33
114,4,33
115,4,33
116,4,33
117,4,33
118,4,33
119,4,33
120,4,33
78,4,34
79,4,34
80,4,34
81,4,34
103,4,34
104,4,34
105,4,34
106,4,34
110,4,34
78,4,36
81,4,36
78,4,38
81,4,38
15,4,40
16,4,40
17,4,40
18,4,40
19,4,40
20,4,40
78,4,40
81,4,40
12,4,41
13,4,41
14,4,41
15,4,41
20,4,41
15,4,42
20,4,42
78,4,42
81,4,42
15,4,43
20,4,43
15,4,44
20,4,44
52,4,44
53,4,44
54,4,44
77,4,44
78,4,44
79,4,44
80,4,44
81,4,44
15,4,45
20,4,45
52,4,45
54,4,45
0,4,46
15,4,46
20,4,46
52,4,46
54,4,46
15,4,47
20,4,47
52,4,47
53,4,47
54,4,47
15,4,48
20,4,48
11,4,49
13,4,49
15,4,49
16,4,49
19,4,49
20,4,49
22,4,49
24,4,49
11,4,50
13,4,50
15,4,50
20,4,50
22,4,50
24,4,50
104,4,50
104,4,51
64,4,59
63,4,60
64,4,60
65,4,60
64,4,61
0,4,64
0,4,65
96,4,65
97,4,65
0,4,66
35,4,66
97,4,66
33,4,67
34,4,67
35,4,67
108,4,67
33,4,68
35,4,68
107,4,68
108,4,68
109,4,68
127,4,68
33,4,69
34,4,69
35,4,69
108,4,69
127,4,69
127,4,70
127,4,71
19,4,73
91,4,81
100,4,81
101,4,81
102,4,81
103,4,81
104,4,81
105,4,81
17,4,82
91,4,82
100,4,82
105,4,82
17,4,83
91,4,83
100,4,83
105,4,83
0,4,84
17,4,84
41,4,84
42,4,84
43,4,84
44,4,84
45,4,84
46,4,84
47,4,84
91,4,84
100,4,84
105,4,84
0,4,85
17,4,85
41,4,85
42,4,85
43,4,85
44,4,85
45,4,85
46,4,85
47,4,85
91,4,85
100,4,85
101,4,85
102,4,85
103,4,85
104,4,85
105,4,85
17,4,86
41,4,86
42,4,86
43,4,86
44,4,86
45,4,86
46,4,86
47,4,86
91,4,86
17,4,87
91,4,87
17,4,88
18,4,88
20,4,88
22,4,88
23,4,88
90,4,88
91,4,88
127,4,88
81,4,89
82,4,89
83,4,89
127,4,89
91,4,90
91,4,92
91,4,94
111,4,95
112,4,95
111,4,96
112,4,96
111,4,97
112,4,97
27,4,104
28,4,104
26,4,105
27,4,105
29,4,105
27,4,106
28,4,106
127,4,106
82,4,107
83,4,107
84,4,107
127,4,107
82,4,108
84,4,108
127,4,108
82,4,109
84,4,109
127,4,109
82,4,110
84,4,110
82,4,111
84,4,111
82,4,112
84,4,112
28,4,113
29,4,113
30,4,113
82,4,113
84,4,113
105,4,113
106,4,113
107,4,113
108,4,113
109,4,113
110,4,113
111,4,113
112,4,113
113,4,113
114,4,113
115,4,113
116,4,113
28,4,114
29,4,114
30,4,114
82,4,114
84,4,114
105,4,114
116,4,114
82,4,115
84,4,115
105,4,115
115,4,115
82,4,116
84,4,116
105,4,116
106,4,116
107,4,116
108,4,116
109,4,116
110,4,116
111,4,116
112,4,116
113,4,116
114,4,116
115,4,116
116,4,116
82,4,117
84,4,117
82,4,118
84,4,118
72,4,119
73,4,119
74,4,119
75,4,119
76,4,119
77,4,119
78,4,119
79,4,119
80,4,119
81,4,119
82,4,119
84,4,119
72,4,120
76,4,120
78,4,120
79,4,120
80,4,120
84,4,120
72,4,121
73,4,121
74,4,121
75,4,121
76,4,121
77,4,121
78,4,121
79,4,121
80,4,121
81,4,121
82,4,121
83,4,121
84,4,121
48,4,122
57,4,122
0,4,127
22,4,127
23,4,127
108,4,127
127,4,127
0,5,0
110,5,0
127,5,0
92,5,8
92,5,9
48,5,10
64,5,10
92,5,10
117,5,10
64,5,11
117,5,11
117,5,12
48,5,13
64,5,13
117,5,13
57,5,14
64,5,14
117,5,14
64,5,15
117,5,15
48,5,16
64,5,16
91,5,16
117,5,16
64,5,17
91,5,17
117,5,17
64,5,18
91,5,18
117,5,18
48,5,19
64,5,19
91,5,19
117,5,19
117,5,20
0,5,26
0,5,27
103,5,31
104,5,31
105,5,31
106,5,31
107,5,31
109,5,31
110,5,31
111,5,31
112,5,31
114,5,31
115,5,31
116,5,31
117,5,31
118,5,31
127,5,31
103,5,32
104,5,32
105,5,32
106,5,32
107,5,32
108,5,32
109,5,32
110,5,32
111,5,32
112,5,32
113,5,32
114,5,32
115,5,32
116,5,32
117,5,32
118,5,32
127,5,32
103,5,33
104,5,33
105,5,33
106,5,33
107,5,33
108,5,33
109,5,33
110,5,33
111,5,33
112,5,33
113,5,33
114,5,33
115,5,33
116,5,33
117,5,33
118,5,33
119,5,33
78,5,34
79,5,34
80,5,34
81,5,34
103,5,34
104,5,34
105,5,34
78,5,35
79,5,35
80,5,35
81,5,35
78,5,36
79,5,36
80,5,36
81,5,36
78,5,37
79,5,37
80,5,37
81,5,37
78,5,38
79,5,38
80,5,38
81,5,38
78,5,39
79,5,39
80,5,39
81,5,39
78,5,40
79,5,40
80,5,40
81,5,40
13,5,41
14,5,41
15,5,41
16,5,41
17,5,41
18,5,41
19,5,41
78,5,41
79,5,41
80,5,41
81,5,41
16,5,42
17,5,42
18,5,42
19,5,42
78,5,42
79,5,42
80,5,42
81,5,42
16,5,43
19,5,43
78,5,43
79,5,43
80,5,43
81,5,43
16,5,44
17,5,44
18,5,44
19,5,44
78,5,44
79,5,44
80,5,44
81,5,44
16,5,45
17,5,45
18,5,45
19,5,45
53,5,45
0,5,46
16,5,46
17,5,46
18,5,46
19,5,46
53,5,46
16,5,47
17,5,47
18,5,47
19,5,47
16,5,48
17,5,48
18,5,48
19,5,48
11,5,49
12,5,49
13,5,49
14,5,49
15,5,49
16,5,49
17,5,49
18,5,49
19,5,49
20,5,49
21,5,49
22,5,49
23,5,49
24,5,49
104,5,49
11,5,50
12,5,50
13,5,50
14,5,50
15,5,50
16,5,50
17,5,50
18,5,50
19,5,50
20,5,50
21,5,50
22,5,50
23,5,50
24,5,50
104,5,50
0,5,65
96,5,65
97,5,65
97,5,66
98,5,66
33,5,67
34,5,67
35,5,67
33,5,68
35,5,68
108,5,68
33,5,69
34,5,69
35,5,69
127,5,69
127,5,70
91,5,81
91,5,82
101,5,82
102,5,82
103,5,82
104,5,82
91,5,83
101,5,83
102,5,83
104,5,83
91,5,84
101,5,84
102,5,84
103,5,84
104,5,84
91,5,85
91,5,86
17,5,87
91,5,87
17,5,88
18,5,88
20,5,88
22,5,88
91,5,88
91,5,90
91,5,92
26,5,104
27,5,104
28,5,104
29,5,104
26,5,105
27,5,105
28,5,105
29,5,105
26,5,106
27,5,106
28,5,106
29,5,106
27,5,107
83,5,107
84,5,107
127,5,107
27,5,108
83,5,108
84,5,108
127,5,108
27,5,109
83,5,109
84,5,109
27,5,110
28,5,110
29,5,110
30,5,110
83,5,110
84,5,110
30,5,111
83,5,111
84,5,111
30,5,112
83,5,112
84,5,112
29,5,113
30,5,113
83,5,113
84,5,113
105,5,113
116,5,113
28,5,114
29,5,114
83,5,114
84,5,114
106,5,114
107,5,114
108,5,114
109,5,114
110,5,114
111,5,114
112,5,114
113,5,114
114,5,114
115,5,114
83,5,115
84,5,115
106,5,115
107,5,115
108,5,115
109,5,115
110,5,115
111,5,115
112,5,115
113,5,115
114,5,115
115,5,115
83,5,116
84,5,116
105,5,116
116,5,116
83,5,117
84,5,117
83,5,118
84,5,118
83,5,119
84,5,119
72,5,120
73,5,120
74,5,120
75,5,120
76,5,120
77,5,120
78,5,120
79,5,120
80,5,120
81,5,120
82,5,120
83,5,120
84,5,120
72,5,121
73,5,121
74,5,121
75,5,121
76,5,121
77,5,121
78,5,121
79,5,121
80,5,121
81,5,121
82,5,121
83,5,121
84,5,121
0,5,127
22,5,127
23,5,127
108,5,127
127,5,127
